4294967294,0
4294967278,532
4294967279,340
4294967278,188
4294967278,531
4294967279,339
4294967278,530
4294967279,338
4294967278,185
4294967278,529
4294967279,337
4294967278,183
4294967278,520
4294967278,181
4294967278,518
4294967278,179
4294967278,528
4294967279,336
4294967278,177
4294967278,515
4294967278,514
4294967278,513
4294967278,512
4294967278,319
4294967278,318
4294967278,169
4294967278,168
4294967279,335
4294967278,315
4294967279,334
4294967278,314
4294967278,165
4294967278,312
4294967279,333
4294967279,260
4294967279,0
4294967278,527
4294967278,161
4294967279,311
4294967279,300
3,5
4294967294,202
4294967294,205
4294967279,332
9,2
4294967279,309
4294967278,526
4294967278,260
4294967278,0
12,2
9,5
4294967279,150
4294967294,7
4294967294,6
12,5
0,5
4294967279,148
12,6
12,4
9,4
4294967278,132
4294967278,131
4294967278,130
4294967278,129
4294967278,128
4294967278,127
4294967278,126
4294967278,125
4294967278,124
4294967278,123
4294967278,122
4294967278,121
4294967278,120
4294967278,119
4294967278,118
4294967278,117
4294967278,116
4294967278,115
4294967278,114
4294967278,113
4294967278,112
4294967278,111
4294967278,110
4294967278,109
4294967278,108
4294967278,107
4294967278,106
4294967278,105
4294967278,104
4294967278,103
4294967278,102
4294967278,101
4294967278,100
4294967278,99
4294967278,98
4294967278,97
4294967278,96
4294967278,95
4294967278,94
4294967278,93
4294967278,92
4294967278,91
4294967278,90
4294967278,89
4294967278,87
4294967278,86
4294967278,85
4294967278,84
4294967278,83
4294967278,82
4294967278,81
4294967278,80
4294967278,79
4294967278,78
4294967278,77
4294967278,76
4294967278,75
4294967278,74
4294967278,73
4294967278,72
4294967278,71
4294967278,70
4294967278,69
4294967278,68
4294967278,67
4294967278,66
4294967278,65
4294967278,64
4294967278,63
4294967278,62
4294967278,61
4294967278,60
4294967278,59
4294967278,58
4294967278,57
4294967278,56
4294967278,55
4294967278,54
4294967278,53
4294967278,52
4294967278,51
4294967278,50
4294967278,49
4294967278,48
4294967278,47
4294967279,52
4294967279,50
4294967279,49
4294967279,47
4294967279,45
4294967279,42
4294967279,40
4294967279,35
4294967279,33
4294967279,32
4294967279,313
4294967279,27
4294967279,24
4294967279,276
4294967279,23
4294967279,21
4294967279,19
4294967279,312
4294967279,16
4294967279,14
4294967279,10
4294967279,9
4294967279,8
4294967279,7
4294967279,6
4294967279,5
4294967279,4
3,4
4294967294,68
4294967294,81
4294967294,12
4294967294,67
4294967294,11
4294967294,5
4294967278,525
15,4
15,3
15,2
15,1
13,5
13,4
13,3
13,2
13,1
4294967278,524
4294967294,472
4294967278,523
4294967278,522
4294967293,131
4294967293,130
4294967293,129
4294967293,128
4294967293,127
4294967293,126
4294967293,125
4294967293,124
4294967293,123
4294967293,122
4294967293,121
4294967293,120
4294967293,119
4294967293,118
4294967293,117
4294967293,116
4294967293,115
4294967293,114
4294967293,113
4294967293,112
4294967293,111
4294967293,110
4294967293,109
4294967293,108
4294967293,107
4294967293,106
4294967293,105
4294967293,104
4294967293,103
4294967293,102
4294967293,101
4294967293,100
4294967293,99
4294967293,98
4294967293,97
4294967293,96
4294967293,95
4294967293,94
4294967293,93
4294967293,92
4294967293,91
4294967293,90
4294967293,89
4294967293,88
4294967293,87
4294967293,86
4294967293,85
4294967293,84
4294967293,83
4294967293,82
4294967293,81
4294967293,80
4294967293,79
4294967293,78
4294967293,77
4294967293,76
4294967293,75
4294967293,74
4294967293,73
4294967293,72
4294967293,71
4294967293,70
4294967293,69
4294967293,68
4294967293,67
4294967293,66
4294967293,65
4294967293,64
4294967293,63
4294967293,62
4294967293,61
4294967293,60
4294967293,59
4294967293,58
4294967293,57
4294967293,56
4294967293,55
4294967293,54
4294967293,53
4294967293,52
4294967293,51
4294967293,50
4294967293,49
4294967293,48
4294967293,47
4294967293,46
4294967293,45
4294967293,44
4294967293,43
4294967293,42
